%YAML:1.0

cam0:
  T_imu_cam:
    - [-0.9970716643242389, 0.013025088308218503, -0.0753554462282239, 0.003055804847922268]
    - [0.07646348257562346, 0.18522322355282475, -0.9797171496350909, -0.00032903354502456406]
    - [0.0011966762715800092, -0.9826101488033099, -0.18567677139221703, -0.0027379068541272143]
    - [0.0, 0.0, 0.0, 1.0]
  cam_overlaps: [1]
  camera_model: pinhole
  distortion_coeffs: [0.2980222767114992, 0.5282502497507331, -1.1886119209736297, 1.3293455448793905]
  distortion_model: equidistant
  intrinsics: [461.1316186581853, 455.69760739673495, 314.6762328533272, 262.44484944397766]
  resolution: [640, 480]
  rostopic: /calypso/image0
  timeshift_cam_imu: -0.43357782404104284
cam1:
  T_imu_cam:
    - [-0.9972140318375561, 0.007711737652202295, -0.0741936911648817, -0.31511978961949566]
    - [0.07437895261370472, 0.17816520680020032, -0.9811854720153222, -0.003223253456911574]
    - [0.005652089381326893, -0.9839703695682233, -0.17824243517580207, 0.02268432212565773]
    - [0.0, 0.0, 0.0, 1.0]
  cam_overlaps: [0]
  camera_model: pinhole
  distortion_coeffs: [0.3426083145251802, 0.15469528822193696, -0.01767950297364661, 0.06393128082662597]
  distortion_model: equidistant
  intrinsics: [449.0117191202954, 448.241171729035, 314.55665353989355, 259.39888167346913]
  resolution: [640, 480]
  rostopic: /calypso/image0
